section anthy.weak_words 0 1950
4112
4128
4176
4208
4224
4240
4256
4272
4288
4320
4336
4352
4369
4401
4449
4465
4497
4545
4561
4593
4609
4626
4642
4658
4658
4690
4690
4722
4722
4754
4754
4786
4786
4802
4818
4834
4834
4866
4866
4883
4899
4915
4931
4947
4963
4995
5011
5027
5043
5059
5091
5123
51752
86135
403506
403554
403586
403795
404785
405090
405106
405234
409264
409344
409762
409794
409874
409938
409971
412866
412994
413010
413107
413936
414321
414386
414418
414530
414530
414562
414659
414755
415873
415938
415970
416050
416066
416066
416146
416146
416211
417168
417554
418672
419074
419170
419186
419250
419315
419395
419459
420096
420176
420401
420529
420594
420802
420867
422583
423200
423505
423633
423971
424832
424848
424944
425153
425250
425314
425523
425587
425603
425651
426304
426416
426834
426834
426930
426962
427139
427219
427921
431233
431490
431699
431731
431731
435713
435793
435825
436339
436355
436371
436484
437377
438036
441937
442451
444408
445587
448900
449761
450130
450211
450323
450387
451249
451345
451361
451409
451425
451666
452004
452116
453524
454498
455092
455986
456002
456034
456066
456066
456098
456162
456484
456484
456484
456548
456596
456612
456628
456692
456757
456757
456789
456821
456949
459058
459090
459090
459106
459138
459170
459202
459234
459250
459523
459523
459620
459620
459684
459716
459732
459748
459764
459764
459796
459796
459796
459829
459861
460021
460025
460053
462194
462258
462370
462627
462756
462804
462852
462981
465378
465828
465828
465860
465940
466004
466069
466101
466133
468482
468498
468562
468900
469028
469028
469044
469060
469076
469108
469108
469173
469269
469365
469954
470066
470484
470516
470548
470564
470596
470628
470660
470660
470693
470725
470773
470789
470889
470917
471474
472036
472116
472212
472277
472293
472341
472373
473058
473090
473186
473315
473491
473556
473588
473636
473716
473732
473764
473764
473829
474021
475429
476114
476724
476788
476804
476820
476820
476820
476836
476901
476965
477125
479893
481850
482547
482643
482949
482997
483029
483029
483125
483173
483238
483302
483402
484725
484806
484838
484854
485828
486101
486229
486229
486245
486342
486406
487894
488675
488723
488739
488787
488851
488884
488980
489157
489189
489205
489221
489253
489301
489317
489446
489462
489638
490227
490243
490532
490741
490998
491030
491158
491843
491988
492132
492212
492309
492341
492502
492550
492662
494899
495413
495541
495654
497206
498163
498276
498549
498645
498758
501043
501059
501139
501267
501396
501524
501621
501717
881001
1119670
1174522
1176074
1191385
1265397
1711486
1777928
1861670
1876693
1904790
2154741
2460742
2466569
2507901
2710101
3062871
3132873
3387239
3420121
3429481
3763242
3838550
4288002
4422281
4425193
6149013
6859732
11454102
11525897
11623302
17566604
18481180
18888668
19532578
19550993
21065772
22204315
22895447
24348021
24733397
24800327
25023380
25040035
25099960
25513767
27909573
27963256
29111878
29143669
30013495
30063144
31411944
31725223
32234132
32354074
32363775
33552234
35592390
38554860
38809866
39172917
39173126
39298661
39304660
39310338
39693515
39751315
39762468
39762532
39762596
39765475
39765491
39768644
40018595
40052836
40066772
40066965
40075619
40076181
40076197
40086250
40147475
40156626
40156723
40162786
40170032
40170530
40200132
40200373
40226789
40301888
40319361
40320994
40330579
40350917
40356787
40357189
40357253
40363060
40363397
40377301
40383606
40385158
40449890
40452352
40506866
40507428
40507540
40507701
40516740
40527813
40551111
40604656
40654579
40654980
40655012
40655205
40662628
40664421
40665282
40665876
40665876
40667284
40672181
40677795
40677811
40678357
40678566
40749651
40751219
40761794
40761858
40802533
40805508
40816452
40816517
40822612
40828933
41119189
41130979
41215058
41216498
41216610
41238564
41260084
41356290
41398500
41407588
41407684
41407764
41407829
41407909
41413828
41416386
41417237
41418452
41420437
41430515
41437269
41438677
41516243
41567653
41824641
41825043
41825284
41872755
41873317
41881045
41892038
41904422
42042807
42197750
42276563
42312083
42328262
42328262
42331125
42331269
42359334
42449221
42872482
42945974
43181860
43226757
43226870
43264215
43377285
43588775
43619332
43624180
43625588
43651812
43674707
43675590
43678598
43680787
43708087
43717254
43717302
43779091
43786193
43786707
43791459
43816597
43830389
43836276
43859524
43859540
43859588
43859621
43867188
43867846
43911060
43995271
44148533
44165783
44232228
44236996
44242738
44252404
44277526
44286228
44289268
44289380
44289926
44289958
44290087
44290151
44294534
44295957
44295973
44296054
44296182
44296391
44297156
44297252
44297285
44297317
44297670
44297750
44297927
44298039
44300356
44303926
44309701
44310022
44313126
44313319
44313399
44325880
44535938
44536115
44538004
44538148
44547284
44578517
44579555
44587364
44587460
44587974
44593572
44594038
44598822
44599764
44599925
44601236
44602039
44604388
44604870
44604966
44604982
44604998
44605030
44605143
44605143
44605175
44607669
44607685
44608103
44608536
44620519
44629253
44630007
44630072
44630072
44833826
44834050
44834548
44879750
44881157
44894772
44895029
44921607
45190150
45190263
45190439
45193142
45199751
45202341
45207078
45207383
45213383
45213704
45213784
45219591
45340983
45487428
45488054
45488295
45490516
45490612
45499844
45500550
45500582
45501861
45501958
45502263
45507684
45507845
45514599
45514776
45520582
45589746
45605170
45605234
45605298
45641156
45641300
45641734
45641734
45641766
45642007
45642071
45647525
45647958
45648884
45649735
45652598
45653700
45653716
45658292
45658854
45662949
45663704
45664854
45665224
45665320
45665336
45665416
45665448
45678694
45679973
45683301
45750116
45791620
45792182
45809623
45815238
45821783
45829768
45902485
45903314
45903732
45947414
45953590
45954564
45955142
45956870
45964213
45984727
45984791
46098038
46211108
46247062
46251879
46252772
46257782
46273045
46276535
46279848
46553957
46554568
46577367
46580936
46808709
46811861
46814853
46815094
46820579
46820723
46820772
46820997
46821125
46821302
46854949
46858503
46858535
46858583
46858599
46858615
46878358
46878503
46954019
46975047
47001528
47017048
47150552
47156246
47156583
47156920
47173639
47179639
47180040
47180105
47319623
47410307
47417029
47455991
47456328
47458597
47459159
47459303
47462263
47462407
47463815
47467925
47468439
47471543
47471944
47480598
47481048
47481353
47499255
47606149
47609703
47609976
47612807
47631528
47631753
47701676
47750292
47758968
47777239
47791496
48059173
48082774
48083256
48136204
48326019
48326661
48326742
48363589
48363943
48364087
48364136
48364184
48383798
48640343
48652437
48652662
48652887
48658855
48661830
48662055
48662136
48662200
48668038
48668231
48672437
48672727
48672935
48673064
48694792
50833761
52112629
52224179
52370919
52762737
53368349
53422331
53985526
54440919
56800745
56831272
57537735
57708771
58321528
58985773
59025790
59134839
59875544
60466936
61483496
63505901
65749083
66168557
67704007
69268041
70634412
73192156
73494684
73643740
75163181
77938315
78075657
79630236
83932565
83956247
85776859
87110691
87151381
87714709
88480504
88719238
88745863
88789578
89362136
90153786
90738745
90762170
90766730
91369833
99410968
100625147
101520528
101699400
101949992
101967177
102012893
103136966
103640942
103695958
104694118
104734488
107256587
108802938
109018554
109029557
109403193
109426634
109503146
110156086
111248355
111737974
112848278
114027946
114667355
114679948
114814795
114987437
115362534
116950408
117371846
117375737
117402153
117405273
117980840
118010460
118279097
118315310
118566805
118589625
118609625
119362281
119387186
120548089
120800807
122079875
122094052
122109701
123394497
123794929
124904481
125279673
127313063
127440230
128352598
128352630
128495446
128762244
130338788
132226631
132234326
132237286
132242980
132267176
132299962
132309306
132312314
132717811
132882500
132891305
132901028
132952679
133330393
133347256
133823400
133940265
133954330
133962106
134509543
134522120
134554889
134556329
134557865
134564122
134571882
134572952
134575114
134582922
135870856
136356749
136362793
136362969
136714936
137467965
139738307
141620877
142429623
143791815
143810311
143863482
146049912
146914841
146919529
147390811
148191878
148263641
148309050
148570825
149142202
149167131
149187242
149904025
151933320
156451508
156517909
158677784
159449815
159670185
159764679
160440712
161476096
161744151
161935974
161936102
161936134
161936198
161936214
161936311
161936471
161936664
161954759
161956857
163772794
164318855
165302891
166865351
167060619
167215739
167564234
167822218
168670075
169633106
170771567
170840978
173044635
174741444
178280503
180271190
182805364
184055738
185088397
185418584
186853591
188208584
188843272
189005009
190038929
190425790
191290249
191740582
192560178
192825346
192967578
195547638
196182764
205837134
206134793
206712196
206859492
209711565
210174884
214606223
215854825
215974138
216859246
219725208
220833594
223031064
223050791
225988530
225996609
226599184
231414406
231427160
233250729
237033356
237676139
237690107
237926794
237927083
237928346
238535579
238873838
245743843
246683479
248454838
249115592
249272457
250245917
250276536
250279640
250321738
250323290
250334010
250343049
251364617
251395546
262197227
262951579
263110727
263851639
264349837
265238613
271383016
275141186
275548696
276129432
276908650
278415706
279188841
279230649
279233705
279236906
279240251
279258875
280229429
280538325
280726761
280908410
281291463
281445449
281496794
281512476
281523131
282346843
283748525
283898234
284874811
289094552
290752425
292774763
293668981
294233691
296110379
297102759
297103145
297283354
300412949
303549115
303561563
303583080
303604619
304615339
305350328
305397885
305398923
305409816
306865980
308313112
308516647
308523208
308529095
308575576
308604091
308877033
308877226
308891194
309027561
309027593
309435736
309710058
309776727
309831935
310025494
310646120
310649192
310658842
310685323
310719339
310722427
310728667
312068139
312486295
312496025
312662430
313021817
316271646
317834335
318077096
318944647
321170283
322096838
322745674
323198585
323198890
323479528
323479898
323483018
324088201
324102234
324102395
324535065
324920949
325289402
325854109
328567049
328998213
330516426
333973961
335522746
336123623
336880627
336882857
336948564
338178313
338178458
338678055
339243095
339925035
340479399
342165805
349161977
349208490
349214795
349216909
350235914
350394090
350425934
351404376
351409225
351413929
351417001
351433961
351445066
352087137
352096936
353912685
354058781
355198349
356333838
358109950
360951741
361312386
362981164
364374441
364550752
365700089
365730985
365731226
365782395
365787324
365953417
366805449
366832679
366844346
367185690
369057192
369058744
369142987
369353450
371514422
375274604
375285709
377779755
378109834
379630699
379731754
379776779
379781676
379944460
380333753
380338506
381478142
383659960
385679502
392145568
392661478
392689511
392707894
392734472
392967065
394322491
395386666
395538794
396189296
396350970
397243241
397511222
398265752
398319195
398357201
399766668
400786371
403271863
405543893
406453887
406840602
406937675
406997994
407560504
407862635
408464347
408684669
409069755
410707829
412381836
420726343
421622121
421642137
421696253
421753718
421943031
423539926
424825514
425263066
425270970
425351248
426248407
426298185
426408247
426490618
427550811
428124520
430364646
431106195
434279019
437476668
439046154
441034426
441942877
442978875
444689858
450776006
450826040
453364938
453609118
459787750
463012609
463366617
470253379
474138901
474854289
478668714
481930680
482410281
482410490
482992939
485703061
485739909
490643345
491337209
491719631
493008875
493184240
495500284
496669563
497248552
497456985
497457740
497490429
497932434
498176879
500408912
501430671
502412859
504981685
507048753
508930630
511540875
512632562
516696016
520363229
531245249
531308070
535884550
536505857
543700648
545849439
550492452
553524200
555865062
556262186
556886435
557968969
558557067
564809071
567309017
570327577
571600509
571677959
572145508
572557145
574094854
576086157
577450702
578494249
581230586
583727074
585547812
586591875
586994450
589377204
589872844
590782059
594917026
600995554
602547277
603143885
607470063
613925141
615764226
618806336
619823171
627965057
630986608
633676400
635433566
635697269
641865995
645258991
647881000
653645448
654235659
657340948
660031102
665550362
665585024
671272163
673598064
675921763
676932930
685360113
685456163
687558240
689606034
690833153
692595739
693249079
697010104
708993924
714764894
714997812
717193937
730419960
735143384
763587955
765743228
767362220
770328197
773500401
778639448
784844109
793593698
793937793
794712332
795252351
796857892
797533052
807418214
825539270
833424584
834294621
835460982
836574924
837182711
846901894
849352337
850686826
855082369
857700268
858597996
871580658
872514197
876385164
879676680
883816187
888723304
893247003
894373676
897849201
900820279
901039233
905981184
918650389
922298658
923941566
924081077
925070413
926467075
928395948
928907480
931803490
931902951
934936776
937833867
938077052
940333006
940389905
955278640
955299411
959517813
959576838
961449425
961509954
962373726
966479681
975017028
976429047
979866140
982013603
983269525
983604177
985337129
986674616
996637968
1003912848
1005686249
1006734807
1008417289
1012844449
1014142951
1021818839
1025775971
1027584684
1033438434
1036654024
1038421859
1042761186
1042935312
1044566631
1045350894
1049038115
1050046666
1051886211
1052858305
1058833707
1058842990
1072447916
1076242771
1078020070
1078789581
1082220963
1087745256
1088805040
1089996407
1090454208
1091453750
1094717402
1096834643
1098653027
1101957714
1114678905
1116355722
1117291564
1118419107
1119954185
1120599598
1127000890
1132467846
1135322967
1138729393
1139284711
1148900164
1149964002
1151329614
1151396544
1151406194
1153032433
1155986438
1159161012
1160461165
1162535813
1163037200
1163931743
1164558522
1167157133
1171582994
1172872829
1173233579
1177799986
1178663611
1178675140
1185407222
1190142905
1191138675
1191542780
1198016910
1205228975
1209363795
1209682368
1211602351
1211761818
1212752554
1216092964
1217970367
1218104984
1220394987
1221900391
1222177753
1223696091
1225361372
1230526684
1232410553
1234174099
1234684870
1235706552
1235838379
1236257546
1236706010
1236984545
1240382843
1243248513
1243811220
1249082145
1249390805
1252770842
1255737427
1255770116
1256861951
1259620676
1266758451
1278500206
1280195712
1281691141
1282977281
1283255930
1283551948
1289340181
1289377414
1289741760
1291104138
1291398595
1293291988
1294817669
1295317286
1297407204
1298267492
1302678519
1309975609
1310446662
1312707433
1314116984
1315739514
1317085644
1317239292
1318300288
1319860222
1321539739
1321901923
1323442433
1323663346
1324371977
1328551505
1329374469
1332733091
1332984124
1335211492
1335751910
1336215139
1337593954
1341200209
1342136699
1342923944
1343133790
1345667018
1355500083
1358820476
1363401671
1368434897
1368453490
1369668258
1372233040
1373098906
1376417941
1377533188
1381512915
1381530084
1385182750
1389804154
1389864700
1395134882
1396478396
1397649793
1401169235
1401877124
1404626109
1404941610
1407314117
1407786559
1410791768
1411712515
1412256440
1414656865
1421848143
1424488119
1426416661
1426461557
1431807890
1431807922
1432428931
1435800086
1436800194
1440518814
1445032711
1447136366
1454048934
1462787941
1463699144
1465615682
1465935296
1466280034
1467360850
1467692101
1469268204
1469347636
1469924286
1470663126
1470668469
1471299817
1471980021
1471989317
1472006229
1472008086
1472018774
1472042295
1472051560
1472062841
1472073416
1478645920
1478646161
1481467236
1485583074
1486490403
1486492164
1489660813
1490851877
1501182485
1501201077
1504278555
1504655780
1506478631
1507201791
1509750403
1514190962
1514766817
1521458318
1521604052
1525495854
1525855264
1526823318
1529112964
1533901394
1535879905
1537356332
1538102621
1542215719
1543085270
1549243275
1554849078
1555762768
1556442282
1564301451
1565025619
1565964921
1568451408
1570900613
1573309910
1575013331
1577912943
1580825756
1581334304
1584816829
1587525426
1587981787
1589384765
1591155571
1594949715
1597609747
1606644082
1609307968
1611422127
1618893039
1621241877
1623179819
1632556809
1632798868
1635653183
1635935431
1636138130
1644575171
1647000169
1647556605
1647935420
1647955693
1652389188
1653238682
1655796572
1656240102
1656398229
1659718156
1660487775
1661428940
1663110411
1664605780
1669278840
1670067767
1670799666
1674643857
1677930477
1678679283
1679644810
1680077986
1682154064
1685968785
1687770651
1688755712
1692540255
1692741307
1695008174
1705725689
1708144442
1708863449
1709833223
1713182569
1732714802
1736969058
1739678222
1740235128
1741444253
1743385931
1747151524
1747469177
1749494528
1750112984
1753726052
1759911670
1762336618
1766796570
1780658293
1783008013
1786171411
1787923710
1797097747
1798763187
1806127126
1807777593
1811582952
1811864691
1812866640
1813429057
1813444416
1813701918
1815686062
1816447004
1819375673
1819652313
1821359001
1823466216
1826398704
1830427901
1833079327
1837307288
1840145175
1841006607
1843826095
1851897437
1854913724
1855703310
1862348140
1863807615
1865600464
1866079211
1867168868
1878896948
1879602295
1880659142
1880759997
1882250089
1884780350
1886664366
1886993281
1889033907
1889333991
1889343062
1894174591
1907816521
1909194687
1910396858
1912023902
1912533204
1913397503
1921131230
1922218642
1922539029
1930404091
1933324152
1935096357
1935164894
1938299079
1943774630
1944272767
1952624008
1952630492
1952780557
1959147430
1966472924
1967561460
1967596148
1973417894
1974738093
1977330494
1982987573
1988649020
1996709920
1999207807
2000512121
2006118045
2011920310
2016755998
2017028384
2020777449
2024634781
2025565419
2030268430
2034370634
2036557821
2045211531
2045959670
2047135383
2048791542
2051621219
2057893635
2058906932
2059580580
2065663955
2075329774
2076218975
2077980463
2080786585
2081092557
2083597651
2083628559
2087196540
2090163267
2090472803
2090894013
2101137551
2102557315
2102978076
2106251026
2109440284
2110772028
2120019539
2133642368
2143646522
2146500691
