section anthy.weak_words 0 1759
1750
197584
198436
198468
198500
198532
198564
198580
198596
198612
198628
198644
198661
198677
198693
198709
198725
198741
198757
198773
198789
198805
198821
198837
198869
198901
198918
198934
198982
199014
199030
199046
199062
199078
199094
199126
199142
199158
199175
199191
199207
199223
199255
199271
199287
199303
199319
199351
199367
199383
199399
199415
199432
199448
199464
199496
199528
199560
199576
199592
199608
199640
199672
199737
12770171
14504216
19446728
19446936
19447033
19447081
19447193
19447258
19447306
19447370
19447386
19447868
19447884
19447900
19447964
19448029
19449715
19449864
19449928
19449976
19449992
19450008
19450040
19450297
19450330
19450362
19450378
19450410
19450442
19450474
19450506
19450522
19450715
19450795
19450972
19450988
19451020
19451068
19451133
19453225
19453642
19453899
19454124
19455923
19456072
19456650
19457341
19459176
19459272
19459288
19459352
19459417
19459449
19459609
19459754
19459786
19459963
19460172
19460332
19460380
19460728
19460792
19460840
19460872
19460904
19461017
19461033
19461161
19461338
19461788
19461836
19461932
19461997
19462280
19462392
19462424
19462456
19462537
19462585
19462746
19462794
19463211
19463388
19463484
19463832
19463944
19463960
19463976
19464008
19464073
19464265
19464330
19464362
19464458
19464506
19464587
19464828
19464908
19464988
19465101
19465673
19466968
19467434
19467867
19468076
19468092
19468108
19469693
19470137
19470265
19470442
19470635
19471406
19473273
19473417
19473482
19473546
19473819
19473915
19474188
19474221
19474397
19474413
19474510
19474969
19475098
19476345
19476473
19476489
19476521
19476618
19477100
19477341
19477501
19477614
19477897
19479166
19479300
19479449
19479561
19479706
19479754
19479947
19480011
19480059
19480107
19480123
19480156
19480252
19480429
19480461
19480493
19480525
19480557
19480573
19480718
19481402
19481515
19481804
19482013
19482270
19482585
19482665
19482746
19482794
19482906
19483115
19483163
19483260
19483404
19483709
19485657
19485785
19486926
19488478
19488793
19489002
19489435
19489548
19489917
19490030
19490345
19491865
19491961
19492074
19492170
19492331
19492363
19492411
19492539
19492620
19492668
19492796
19493005
19493514
19493546
19493819
19494012
19494494
19494670
19494783
19495066
19495178
19495194
19495724
19495773
19495949
19496078
19499722
19499754
19499834
19499866
19499898
19499931
19500236
19500332
19502954
19502970
19504095
19504378
19504490
19504522
19504683
19504892
19505068
19505325
19505374
19505518
19505582
19505647
19505930
19505962
19506026
19506106
19506155
19506251
19506267
19506428
19506444
19506861
19507022
19507038
19507054
19507514
19508413
19508986
19509034
19509146
19509210
19509355
19509419
19509532
19509660
19510142
19510174
19510303
19510586
19510682
19510762
19511084
19511164
19511180
19511517
19511582
19511694
19511855
19514059
19514493
19514959
19515210
19515274
19515386
19515483
19515547
19515563
19515611
19515708
19515820
19515836
19515932
19515949
19516189
19516238
19516350
19516366
19516794
19516906
19517003
19517099
19517179
19517227
19517372
19517404
19517790
19517822
19517902
19517918
19517950
19518197
19518443
19518909
19518941
19519712
19521547
19521659
19521675
19521691
19522061
19522221
19522687
19526155
19526203
19526235
19526701
19526813
19527343
19527359
19527472
19528365
19530463
19530479
19532411
19532925
19535547
19537099
19539888
19540022
19540171
19540347
19540444
19540637
19540669
19540717
19540733
19540749
19541118
19541295
19541311
19541964
19542076
19542156
19542333
19542397
19542413
19542863
19543484
19543822
19545052
19545422
19545486
19545598
19546444
19546508
19546942
19546990
19547054
19547472
19547745
19549724
19549949
19550078
19550094
19550511
19550849
19552535
19552716
19553792
19553840
19555788
19555820
19555964
19555997
19556093
19556928
19558743
19558860
19559229
19559406
19559968
19561996
19562333
19563265
19563580
19564046
19566503
19566652
19566780
19566861
19566957
19567085
19567680
19567808
19573519
22927889
24923425
30938683
42530846
42549374
42554506
44194646
44602511
59161058
66450292
71735916
71739293
73195997
89806739
93457389
100677165
105744691
119115422
122608125
124216797
131845416
131941787
136432017
140293017
149490103
160574052
162208879
162282210
162829372
165119344
165757725
165978091
166837211
169793407
171091811
175239280
178516838
181775876
201656636
205335355
214896257
224796813
234816889
235275955
235324544
248624030
249025246
250208561
250693743
254372367
263469334
264662090
268940579
274356116
277832978
280134983
299276826
322473386
323208811
324138635
324205310
330655670
335201775
342746301
343254092
344201665
345484303
352163917
353712441
360895479
364723502
365375516
369160064
373015291
373684923
382106003
387510261
390625034
391337807
403329612
420347843
424250571
424457781
426818284
432178556
432360032
437142315
437198163
444336237
452644743
462564374
467370157
472408867
474596176
482387680
499072340
514456987
517761644
533600427
536858587
542878101
547286384
548312949
550253761
550698947
552943544
554388362
554542010
556950779
557408651
559922312
561834297
564288123
581844225
586011159
589094994
590357653
593342854
594429706
598115482
603938907
605283019
605287707
608129680
617819313
620074076
622169198
624400724
624401158
639157355
646715905
647368344
647408714
647660810
653068244
653293061
653369336
653993032
658596503
662047734
663356969
663383594
663402823
663411942
663421351
664218433
668654639
671364140
671384413
675048889
678604718
682939195
696948199
704374726
710346738
711291785
713318502
713343752
713385399
716148025
723963043
730192995
730210164
734113672
734928108
736878482
739367509
740751140
744680250
746612536
746851633
747766957
749642090
750437140
750983162
751011163
751019431
751025446
751026998
753956277
753984198
754153398
758150963
768845267
772422311
776009156
777621593
779801730
782200278
790132056
790368734
790425573
790565556
792287770
792691305
792753659
798698967
799591014
800066803
803268667
805947066
807444810
809002265
810579317
812409142
834939474
838416338
843154215
849786683
851612488
854114697
854126358
854169725
859400160
864336639
866466822
868785584
872022255
878787129
886293862
886320883
886339379
888658963
894035506
897849693
897860519
897896724
898252460
898812988
901978883
902116913
902195059
902673054
907215409
920246682
927652002
931373368
933111825
933957732
935352906
939056139
940404924
952260405
955644437
957326919
969409478
969556774
970430574
972524152
973943474
973957256
975780825
976209277
980402199
980456890
980457179
980965959
981198777
981439059
981439220
989141532
1004627607
1004978593
1005319822
1013995384
1014301375
1015053383
1017398989
1018653304
1018658500
1024876939
1025062000
1026178905
1027651528
1028838376
1030596905
1030598521
1030618254
1034363258
1036664071
1039870546
1044876567
1047879396
1050787347
1052240154
1055091782
1056527714
1059191363
1060965423
1065947730
1067911132
1068757930
1071179994
1073272087
1073959959
1078930222
1080608693
1080608838
1084595157
1084600648
1086076793
1091637842
1091645175
1091646261
1091692073
1097727417
1100008939
1100672291
1102438462
1102496922
1102527738
1103547898
1103605896
1103610745
1103616477
1103619549
1103635481
1103738814
1106096480
1110121135
1111882518
1116576989
1117574193
1117884199
1117889128
1117902637
1117914620
1117932505
1117933774
1119287107
1119785696
1121876642
1122061079
1122207159
1122261850
1122374840
1126356220
1128108854
1128912942
1129881559
1130211638
1130467113
1132523997
1132535273
1132541054
1135014788
1135497161
1137087960
1137800656
1139686218
1140035664
1140807480
1141989357
1146424295
1147489498
1147641626
1147896282
1150090600
1151598823
1158943434
1160444027
1160665867
1162012029
1165857045
1175943188
1183593472
1189012714
1189729421
1191063325
1191248702
1196468190
1197017938
1198073394
1209448077
1210608497
1211821743
1214428434
1218711125
1224459748
1224939558
1224940377
1225241770
1225422291
1229907570
1230177497
1237248538
1244942955
1249592233
1249658505
1249659260
1250596044
1253207129
1255932426
1256898369
1258021958
1258813881
1262304844
1263938746
1264082269
1264132207
1264605140
1265155948
1265167326
1265173946
1275845252
1282391444
1286143380
1287949302
1287967685
1287995718
1288023468
1291516513
1294023597
1294058346
1294078394
1294079663
1295136879
1295994095
1295994737
1296511733
1296520998
1296531251
1296531733
1296532321
1296541826
1296544454
1296549175
1296557443
1296575383
1296577240
1296587928
1296998264
1297023733
1300144365
1300158616
1301268944
1311045783
1311543729
1311599480
1311601032
1313690147
1321234074
1322180264
1323524199
1323560089
1323581914
1323585018
1323596685
1325726710
1325751639
1325762979
1330948069
1339370349
1341979141
1342985921
1344055185
1344533573
1344674011
1350505357
1352434046
1352749725
1357273894
1357277673
1357278042
1357458611
1357559050
1358529854
1359700370
1360499646
1361813261
1361813293
1362680844
1365140990
1365795611
1366228442
1367683690
1369971873
1369998354
1370009032
1370012104
1370029273
1370032409
1370035513
1370037573
1370053158
1370056069
1370980185
1371222488
1371730347
1371730379
1371866746
1371879911
1371880714
1372129129
1372135016
1372141577
1372152821
1372182011
1372443800
1374440728
1374657263
1375248408
1377074116
1377843353
1377933339
1378262537
1378771432
1380836533
1384647561
1384967298
1392081968
1399211747
1399214568
1399234809
1399244436
1399260118
1409603915
1409791323
1410100219
1410841647
1410861663
1411096971
1411145721
1411181546
1411186009
1411189113
1411193486
1411198715
1415139511
1418619743
1419055303
1428405413
1428464214
1431541604
1434005368
1434913353
1435112272
1435985101
1438966059
1440010555
1440049628
1440050008
1440053112
1440056216
1440071993
1440085994
1440086315
1440087578
1440094220
1440096382
1440097041
1440106074
1440107626
1440144254
1441465227
1442967089
1443080773
1446572271
1457596023
1457606405
1457627160
1459083538
1465035661
1469596798
1480655423
1482228401
1483375119
1483681873
1484693727
1484731603
1486373125
1487689618
1488223406
1488239023
1489016330
1495339356
1497995120
1499455136
1500476270
1505489339
1509431637
1516968074
1516985146
1518702437
1518801083
1518820441
1518820601
1518820698
1518820714
1518820778
1518820810
1518820938
1518820987
1518821244
1518821276
1519121352
1519121673
1519122364
1520024745
1524206716
1524533612
1526010793
1530693772
1531514994
1531589781
1534223041
1537442885
1538937628
1540426651
1542138798
1543476392
1546148681
1546175018
1546182826
1546183960
1546186058
1546193818
1546199047
1546203051
1547427547
1551894952
1552056084
1552162778
1552305626
1553444877
1553703899
1554066395
1554067599
1554459820
1556389383
1556418968
1556454858
1556468286
1556475034
1556982392
1557313632
1558056906
1558087182
1558093390
1558104045
1558117050
1558121899
1558123515
1558126079
1559804428
1562665901
1563354759
1563385066
1563806504
1565335744
1567908634
1567974150
1569782587
1571762843
1571820767
1572349836
1584932013
1589990182
1589995770
1592434194
1593639968
1596028864
1596801693
1597417103
1600849130
1601949888
1612145852
1613456483
1618541252
1619173700
1619326214
1626771386
1631024671
1631129422
1631194809
1635987752
1636394448
1638270707
1638318030
1645551591
1648388511
1648402838
1649031689
1649222437
1651546474
1654931436
1655617161
1655617499
1655633897
1655634844
1655656952
1655870982
1655892106
1655923799
1655957613
1656878158
1659988468
1660267532
1660317181
1660355308
1660411655
1663096497
1664614613
1665143185
1665681775
1666693395
1668136357
1672534031
1674764111
1677624039
1678780503
1678786439
1678796554
1680709976
1680875169
1683165097
1684850233
1686666122
1686942409
1687000911
1688174907
1688338632
1689548363
1703455836
1704999347
1712788206
1713903145
1717121407
1717582552
1719483217
1719826079
1722014504
1739633036
1741710111
1757599548
1778900517
1799884998
1802022141
1803444978
1808905144
1813201935
1816578576
1819000701
1825442951
1832394006
1835539871
1840717352
1852722298
1854139825
1869138092
1879880826
1880315419
1886534702
1886535087
1886543500
1886545726
1886548830
1886560765
1886560845
1886561359
1886561600
1886573326
1886584158
1886599662
1886600224
1886643553
1886644147
1886644912
1886645089
1886645346
1886645475
1886645507
1886647251
1886657891
1886658212
1886835372
1886835420
1886835838
1886835934
1886835950
1886841484
1886842046
1886846750
1886849710
1886852444
1886852589
1886852862
1886853440
1886853456
1886853617
1886855982
1886856143
1886877453
1886877518
1886877727
1886881281
1886881506
1886884128
1886885166
1886886338
1886891059
1886894446
1886898240
1886925679
1886926257
1886927745
1886948115
1886950229
1886953220
1887143246
1887143503
1887169053
1887181710
1887182016
1887182240
1887226912
1887228319
1887437709
1887451532
1887546769
1887560545
1887560577
1887560818
1887560866
1887560946
1887738990
1887739086
1887742254
1887747852
1887748028
1887748318
1887749613
1887749709
1887750335
1887756158
1887756319
1887762222
1887762350
1887774477
1887794911
1887835152
1887835184
1887835216
1887835457
1887835618
1887861761
1887889084
1887889212
1887889325
1887889405
1887889453
1887889517
1887889630
1887889774
1887890208
1887895999
1887896432
1887901072
1887901152
1887906589
1887911423
1887912178
1887927168
1887928447
1887931775
1887937936
1887946274
1887953360
1887953424
1887953488
1887996897
1887997074
1887997524
1888001890
1888001906
1888006980
1888006996
1888012386
1888012482
1888012610
1888012851
1888013044
1888039628
1888040094
1888070257
1888076690
1888078242
1888088400
1888097278
1888111825
1888156785
1888163428
1888201036
1888207565
1888232173
1888232237
1888249647
1888251504
1888251922
1888280993
1888289605
1888291472
1888294576
1888302304
1888304032
1888312403
1888494508
1888521519
1888559298
1888598736
1888602418
1888604944
1888758689
1888801869
1888801998
1888802431
1888828382
1889103423
1889105949
1889106045
1889106061
1889106190
1889107057
1889126832
1889159023
1889159152
1889159537
1889162015
1889163284
1889168287
1889168962
1889169187
1889169492
1889205697
1889214977
1889226548
1889226693
1889226869
1889265522
1889302209
1889323237
1889404142
1889404254
1889404366
1889404720
1889405057
1889405105
1889422113
1889497714
1889527202
1889527267
1889527427
1889527829
1889715885
1889716190
1889716399
1889719390
1889742083
1889747022
1889758497
1889764191
1889783185
1889803153
1889803490
1889806321
1889806787
1889809425
1889809569
1889810977
1889818705
1889828483
1889828515
1889828788
1889829045
1889829238
1889867698
1889878974
1889904144
1889913215
1889954339
1889956865
1889957009
1889957925
1889958102
1889959969
1889978915
1890006542
1890025713
1890038942
1890098482
1890307647
1890430418
1890430884
1890430964
1890581043
1890581412
1890611389
1890611501
1890611533
1890611630
1890611967
1890612063
1890612079
1890612593
1890673904
1890674096
1890674209
1890721043
1890731988
1890909501
1890909582
1890909646
1890909678
1890910304
1890920237
1890920381
1890920510
1890920911
1890921201
1890942238
1890988533
1890999824
1891000049
1891000306
1891000627
1891004738
1891006017
1891016421
1891069631
1891070000
1891192531
1891192563
1891192740
1891193318
1891230734
1891231264
1891238066
1891319303
1891321170
1891324274
1891672241
1891682366
1891682430
1891686401
1891686417
1891689570
1891782210
1891972734
1891973023
1891986670
1891986863
1892095683
1892095795
1892095811
1892096245
1892096261
1892120030
1892121170
1892167089
1892182400
1892190674
1892191172
1892221015
1892247431
1892271714
1892273710
1892276846
1892277087
1892277151
1892277713
1892283295
1892285008
1892291376
1892298227
1892303504
1892322530
1892340003
1892340608
1892350193
1892370531
1892370595
1892382674
1892427438
1892427599
1892427759
1892427792
1892428000
1892428354
1892447711
1892470532
1892531698
1892536354
1892574878
1892574910
1892575103
1892575344
1892575505
1892575730
1892576035
1892584319
1892585774
1892587182
1892587423
1892625298
1892636484
1892666625
1892682242
1892684227
1892685490
1892685924
1892697971
1892698309
1892698421
1892698437
1892698453
1892722431
1892736174
1892736350
1892737443
1892742510
1892769265
1892770624
1892781408
1892826150
1892848547
1893050465
1893051905
1893061586
1893177408
1893181010
1893191617
1893234672
1893236112
1893236224
1893259206
1893327486
1893327807
1893328610
1893328755
1893337376
1893338350
1893340335
1893350927
1893359603
1893369487
1893377456
1893418114
1893427378
1893433442
1893436851
1893437028
1893438740
1893487551
1893535857
1893610644
1893800943
1893806546
1893811936
1893821216
1893824320
1893844657
1893844898
1893845283
1893849715
1893892931
1894062421
1894238324
1894243391
1894249188
1894257504
1894258195
1894279232
1894297205
1894332725
1894348904
1894350739
1894350883
1894355246
1894469863
1894893124
1894965588
1894979566
1895146655
1895185141
1895201474
1895297183
1895297376
1895297649
1895595488
1895595633
1895598496
1895601713
1895621648
1895627985
1895637152
1895637200
1895638946
1895643794
1895645202
1895672454
1895756463
1895780450
1895780466
1895780514
1895780547
1895787744
1895798561
1895798802
1895806321
1895806835
1895811073
1895850003
1895851555
1895856918
1895928961
1896014885
1896069459
1896085681
1896209856
1896209985
1896210049
1896210194
1896210306
1896210852
1896252870
1896263332
1896263380
1896272018
1896274839
1896298467
1896520144
1896520690
1896525796
1896528001
1896540417
1896543521
1896556757
1897110048
1897110337
1897127281
1897128004
1897140517
1897212756
1897219365
1897226692
1897260881
1897421856
1897515396
1897516948
1898150078
1898174849
1898196433
1898200774
1899696885
1909059043
1915884098
1917060901
1919355469
1925527244
1927981381
1940401638
1943049933
1944856790
1947085333
1949862431
1959331382
1964652145
1968632556
1971128786
1977972628
1980582816
1991825278
2005419375
2026898733
2038748837
2045491851
2045680923
2045777850
2046429382
2047200861
2048866241
2050991901
2056110326
2058704142
2064577913
2077396807
2078627682
2086228525
2086657987
2095341347
2096047462
2112367323
2113445522
2116425473
2118197365
2121483607
2121499994
2125704585
2125705854
2134277693
2134908500
2139115223
